# lakeno iconn k i j claktype bedleak belev telev connlen connwidth
 0 0 0 4 18 HORIZONTAL 1.0 0.0 0.0 201.8585 405.665
 0 1 0 4 19 HORIZONTAL 1.0 0.0 0.0 201.8585 405.665
 0 2 0 5 17 HORIZONTAL 1.0 0.0 0.0 202.8325 403.717
 0 3 0 5 17 HORIZONTAL 1.0 0.0 0.0 201.8585 405.665
 0 4 0 5 20 HORIZONTAL 1.0 0.0 0.0 202.8325 403.717
 0 5 0 6 15 HORIZONTAL 1.0 0.0 0.0 201.8585 405.665
 0 6 0 6 16 HORIZONTAL 1.0 0.0 0.0 202.8325 403.717
 0 7 0 6 16 HORIZONTAL 1.0 0.0 0.0 201.8585 405.665
 0 8 0 6 20 HORIZONTAL 1.0 0.0 0.0 202.8325 403.717
 0 9 0 7 14 HORIZONTAL 1.0 0.0 0.0 202.8325 403.717
 0 10 0 7 20 HORIZONTAL 1.0 0.0 0.0 202.8325 403.717
 0 11 0 7 20 HORIZONTAL 1.0 0.0 0.0 201.8585 405.665
 0 12 0 8 14 HORIZONTAL 1.0 0.0 0.0 202.8325 403.717
 0 13 0 8 21 HORIZONTAL 1.0 0.0 0.0 202.8325 403.717
 0 14 0 9 14 HORIZONTAL 1.0 0.0 0.0 202.8325 403.717
 0 15 0 9 21 HORIZONTAL 1.0 0.0 0.0 202.8325 403.717
 0 16 0 10 15 HORIZONTAL 1.0 0.0 0.0 202.8325 403.717
 0 17 0 10 15 HORIZONTAL 1.0 0.0 0.0 201.8585 405.665
 0 18 0 10 21 HORIZONTAL 1.0 0.0 0.0 202.8325 403.717
 0 19 0 11 15 HORIZONTAL 1.0 0.0 0.0 202.8325 403.717
 0 20 0 11 21 HORIZONTAL 1.0 0.0 0.0 202.8325 403.717
 0 21 0 12 15 HORIZONTAL 1.0 0.0 0.0 202.8325 403.717
 0 22 0 12 20 HORIZONTAL 1.0 0.0 0.0 202.8325 403.717
 0 23 0 12 20 HORIZONTAL 1.0 0.0 0.0 201.8585 405.665
 0 24 0 13 15 HORIZONTAL 1.0 0.0 0.0 202.8325 403.717
 0 25 0 13 20 HORIZONTAL 1.0 0.0 0.0 202.8325 403.717
 0 26 0 14 15 HORIZONTAL 1.0 0.0 0.0 202.8325 403.717
 0 27 0 14 19 HORIZONTAL 1.0 0.0 0.0 202.8325 403.717
 0 28 0 14 19 HORIZONTAL 1.0 0.0 0.0 201.8585 405.665
 0 29 0 15 16 HORIZONTAL 1.0 0.0 0.0 202.8325 403.717
 0 30 0 15 16 HORIZONTAL 1.0 0.0 0.0 201.8585 405.665
 0 31 0 15 18 HORIZONTAL 1.0 0.0 0.0 202.8325 403.717
 0 32 0 15 18 HORIZONTAL 1.0 0.0 0.0 201.8585 405.665
 0 33 0 16 17 HORIZONTAL 1.0 0.0 0.0 201.8585 405.665
 0 34 1 5 18 VERTICAL 1.0 0.0 0.0 0.0 0.0
 0 35 1 5 19 VERTICAL 1.0 0.0 0.0 0.0 0.0
 0 36 1 6 17 VERTICAL 1.0 0.0 0.0 0.0 0.0
 0 37 1 6 18 VERTICAL 1.0 0.0 0.0 0.0 0.0
 0 38 1 6 19 VERTICAL 1.0 0.0 0.0 0.0 0.0
 0 39 1 7 15 VERTICAL 1.0 0.0 0.0 0.0 0.0
 0 40 1 7 16 VERTICAL 1.0 0.0 0.0 0.0 0.0
 0 41 1 7 17 VERTICAL 1.0 0.0 0.0 0.0 0.0
 0 42 1 7 18 VERTICAL 1.0 0.0 0.0 0.0 0.0
 0 43 1 7 19 VERTICAL 1.0 0.0 0.0 0.0 0.0
 0 44 1 8 15 VERTICAL 1.0 0.0 0.0 0.0 0.0
 0 45 1 8 16 VERTICAL 1.0 0.0 0.0 0.0 0.0
 0 46 1 8 17 VERTICAL 1.0 0.0 0.0 0.0 0.0
 0 47 1 8 18 VERTICAL 1.0 0.0 0.0 0.0 0.0
 0 48 1 8 19 VERTICAL 1.0 0.0 0.0 0.0 0.0
 0 49 1 8 20 VERTICAL 1.0 0.0 0.0 0.0 0.0
 0 50 1 9 15 VERTICAL 1.0 0.0 0.0 0.0 0.0
 0 51 1 9 16 VERTICAL 1.0 0.0 0.0 0.0 0.0
 0 52 1 9 17 VERTICAL 1.0 0.0 0.0 0.0 0.0
 0 53 1 9 18 VERTICAL 1.0 0.0 0.0 0.0 0.0
 0 54 1 9 19 VERTICAL 1.0 0.0 0.0 0.0 0.0
 0 55 1 9 20 VERTICAL 1.0 0.0 0.0 0.0 0.0
 0 56 1 10 16 VERTICAL 1.0 0.0 0.0 0.0 0.0
 0 57 1 10 17 VERTICAL 1.0 0.0 0.0 0.0 0.0
 0 58 1 10 18 VERTICAL 1.0 0.0 0.0 0.0 0.0
 0 59 1 10 19 VERTICAL 1.0 0.0 0.0 0.0 0.0
 0 60 1 10 20 VERTICAL 1.0 0.0 0.0 0.0 0.0
 0 61 1 11 16 VERTICAL 1.0 0.0 0.0 0.0 0.0
 0 62 1 11 17 VERTICAL 1.0 0.0 0.0 0.0 0.0
 0 63 1 11 18 VERTICAL 1.0 0.0 0.0 0.0 0.0
 0 64 1 11 19 VERTICAL 1.0 0.0 0.0 0.0 0.0
 0 65 1 11 20 VERTICAL 1.0 0.0 0.0 0.0 0.0
 0 66 1 12 16 VERTICAL 1.0 0.0 0.0 0.0 0.0
 0 67 1 12 17 VERTICAL 1.0 0.0 0.0 0.0 0.0
 0 68 1 12 18 VERTICAL 1.0 0.0 0.0 0.0 0.0
 0 69 1 12 19 VERTICAL 1.0 0.0 0.0 0.0 0.0
 0 70 1 13 16 VERTICAL 1.0 0.0 0.0 0.0 0.0
 0 71 1 13 17 VERTICAL 1.0 0.0 0.0 0.0 0.0
 0 72 1 13 18 VERTICAL 1.0 0.0 0.0 0.0 0.0
 0 73 1 13 19 VERTICAL 1.0 0.0 0.0 0.0 0.0
 0 74 1 14 16 VERTICAL 1.0 0.0 0.0 0.0 0.0
 0 75 1 14 17 VERTICAL 1.0 0.0 0.0 0.0 0.0
 0 76 1 14 18 VERTICAL 1.0 0.0 0.0 0.0 0.0
 0 77 1 15 17 VERTICAL 1.0 0.0 0.0 0.0 0.0
 1 0 0 17 1 HORIZONTAL 1.0 0.0 0.0 201.8585 405.665
 1 1 0 18 2 HORIZONTAL 1.0 0.0 0.0 202.8325 403.717
 1 2 0 19 2 HORIZONTAL 1.0 0.0 0.0 202.8325 403.717
 1 3 0 20 2 HORIZONTAL 1.0 0.0 0.0 202.8325 403.717
 1 4 0 20 2 HORIZONTAL 1.0 0.0 0.0 201.8585 405.665
 1 5 0 21 3 HORIZONTAL 1.0 0.0 0.0 202.8325 403.717
 1 6 0 21 3 HORIZONTAL 1.0 0.0 0.0 201.8585 405.665
 1 7 0 22 4 HORIZONTAL 1.0 0.0 0.0 202.8325 403.717
 1 8 0 23 4 HORIZONTAL 1.0 0.0 0.0 202.8325 403.717
 1 9 0 24 2 HORIZONTAL 1.0 0.0 0.0 202.8325 403.717
 1 10 0 24 2 HORIZONTAL 1.0 0.0 0.0 201.8585 405.665
 1 11 0 24 3 HORIZONTAL 1.0 0.0 0.0 201.8585 405.665
 1 12 0 25 2 HORIZONTAL 1.0 0.0 0.0 202.8325 403.717
 1 13 0 26 0 HORIZONTAL 1.0 0.0 0.0 201.8585 405.665
 1 14 0 26 1 HORIZONTAL 1.0 0.0 0.0 201.8585 405.665
 1 15 1 18 1 VERTICAL 1.0 0.0 0.0 0.0 0.0
 1 16 1 19 1 VERTICAL 1.0 0.0 0.0 0.0 0.0
 1 17 1 20 1 VERTICAL 1.0 0.0 0.0 0.0 0.0
 1 18 1 21 1 VERTICAL 1.0 0.0 0.0 0.0 0.0
 1 19 1 21 2 VERTICAL 1.0 0.0 0.0 0.0 0.0
 1 20 1 22 0 VERTICAL 1.0 0.0 0.0 0.0 0.0
 1 21 1 22 1 VERTICAL 1.0 0.0 0.0 0.0 0.0
 1 22 1 22 2 VERTICAL 1.0 0.0 0.0 0.0 0.0
 1 23 1 22 3 VERTICAL 1.0 0.0 0.0 0.0 0.0
 1 24 1 23 0 VERTICAL 1.0 0.0 0.0 0.0 0.0
 1 25 1 23 1 VERTICAL 1.0 0.0 0.0 0.0 0.0
 1 26 1 23 2 VERTICAL 1.0 0.0 0.0 0.0 0.0
 1 27 1 23 3 VERTICAL 1.0 0.0 0.0 0.0 0.0
 1 28 1 24 0 VERTICAL 1.0 0.0 0.0 0.0 0.0
 1 29 1 24 1 VERTICAL 1.0 0.0 0.0 0.0 0.0
 1 30 1 25 0 VERTICAL 1.0 0.0 0.0 0.0 0.0
 1 31 1 25 1 VERTICAL 1.0 0.0 0.0 0.0 0.0
